6420322817	2134.1666666666665
2114682213	704.0833333333334
1768511567	662.1666666666666
6003325152	614.75
1573953470	609.5
1189615035	592.25
3756237190	562.4166666666666
2701148474	431.8333333333333
2810520144	351.6666666666667
2255058517	338.4166666666667
1885103443	317.4166666666667
1900252997	265.0
1770059175	229.08333333333334
2140998643	225.0
5198415504	197.58333333333334
1964322754	196.25
2203675862	191.41666666666666
6054100777	189.16666666666666
2790644315	172.66666666666666
2661181247	172.5
1727330020	162.5
1750987233	158.83333333333334
1785823211	157.91666666666666
1794463003	153.5
1888244903	145.0
2659135671	137.0
1863644455	135.33333333333334
1800357584	132.16666666666666
3684332244	130.58333333333334
3025163305	130.5
5201569182	128.25
1888068592	128.0
1233628161	115.0
3561653891	114.33333333333333
3939116440	113.41666666666667
1739591641	110.75
1707254184	107.33333333333333
5711948025	105.83333333333333
6344556632	104.0
1941799372	93.0
1283022704	90.5
1743298017	87.91666666666667
2797655824	86.66666666666667
2201578383	86.41666666666667
2393951297	84.75
1896185203	82.66666666666667
5979911168	80.16666666666667
3306007530	79.58333333333333
5617494142	79.0
3479643910	77.16666666666667
2505756312	76.58333333333333
2175336707	76.16666666666667
3739879230	75.75
5132715091	75.58333333333333
1766486132	74.83333333333333
2087019057	73.0
1613140251	72.0
5345190814	71.83333333333333
2684073645	70.66666666666667
6059269661	70.5
1706452751	69.91666666666667
1622754134	69.41666666666667
1901747740	68.0
3191640945	67.58333333333333
5364408953	66.5
1682406543	66.33333333333333
5113670497	65.66666666666667
2278344091	65.0
1856393533	64.75
5836572823	64.5
2819336850	64.41666666666667
6013436831	64.33333333333333
1854227070	64.25
2635486235	64.08333333333333
1949595267	63.916666666666664
1311716361	62.916666666666664
5292450739	62.333333333333336
1868310850	62.25
3105258531	61.0
5916516923	60.166666666666664
5285987621	58.916666666666664
1772698104	58.916666666666664
5340959100	58.166666666666664
5929913881	57.75
1798240697	57.166666666666664
1898105527	57.166666666666664
1230707503	56.916666666666664
5353115866	56.833333333333336
3077320351	56.5
1437117970	56.5
2080279355	56.416666666666664
1705399054	55.5
2887580753	54.25
6379436336	54.083333333333336
2546642164	53.916666666666664
5480092683	53.916666666666664
6154731169	53.166666666666664
5122703394	52.666666666666664
1840483562	52.583333333333336
1622953592	52.166666666666664
5626045731	51.0
1743660634	50.833333333333336
1108026523	50.083333333333336
2637793513	49.833333333333336
6087791571	49.333333333333336
3027742317	48.083333333333336
1973904301	47.916666666666664
5516034411	47.75
1631994273	46.833333333333336
3835851549	46.75
1769490130	46.416666666666664
2690844220	46.083333333333336
2871156500	46.0
6182488426	45.666666666666664
41257771	45.5
1921657222	45.083333333333336
5081620420	44.833333333333336
3153186182	44.5
1757073867	44.416666666666664
5832754919	44.0
5505304933	43.916666666666664
2627270974	43.416666666666664
1394122265	42.916666666666664
2035812517	42.75
1971423385	41.666666666666664
3942124084	41.583333333333336
5408051044	41.416666666666664
5017404533	41.333333333333336
2424370954	40.916666666666664
5993913593	40.666666666666664
1912697222	40.583333333333336
3655206723	40.583333333333336
6095021886	40.333333333333336
6365947602	40.166666666666664
5173597086	39.25
1938512577	38.916666666666664
2417545750	38.583333333333336
3669356452	38.25
5757795345	38.166666666666664
6391940441	38.166666666666664
3042973207	38.0
5139361229	37.75
1839148955	37.416666666666664
6296696057	37.25
2078236047	36.833333333333336
6075492735	36.833333333333336
6089290061	36.833333333333336
5658477136	36.5
5783257374	36.416666666666664
2071287334	36.416666666666664
3310129545	36.083333333333336
1572369487	36.0
5726080039	35.833333333333336
2206720813	35.5
5809522481	35.5
5900101714	35.5
3327024320	35.416666666666664
6065804427	35.333333333333336
1635534984	35.25
6063624508	35.166666666666664
6335055526	35.083333333333336
5390903751	34.916666666666664
6057003827	34.833333333333336
1105388802	34.666666666666664
2158697171	34.583333333333336
2159762533	34.5
1105790975	34.166666666666664
2628519703	34.0
5389317001	33.916666666666664
2885615193	33.5
3636891172	33.333333333333336
5640170414	33.0
2128063552	32.666666666666664
6354978477	32.583333333333336
2327724075	32.25
6117421232	31.833333333333332
5651563968	31.583333333333332
5026119834	31.5
2306751223	31.333333333333332
2118054300	31.25
2132754520	31.25
2128516624	31.166666666666668
3830103344	31.166666666666668
5266419694	31.083333333333332
1805055000	31.0
2910089403	30.833333333333332
5986894965	30.833333333333332
6065910356	30.75
5028952194	30.583333333333332
5819596406	30.583333333333332
1537119527	30.5
3780774520	30.5
1826333284	30.5
6186227566	30.416666666666668
5329304914	30.416666666666668
5583921002	30.333333333333332
5285657977	30.166666666666668
5130540518	30.083333333333332
5717507105	29.916666666666668
2658747647	29.916666666666668
6082150337	29.833333333333332
1915847314	29.75
6094784953	29.583333333333332
5876105396	29.583333333333332
5611270382	29.416666666666668
5393369069	29.416666666666668
1759093925	29.333333333333332
3723507177	29.25
2015621541	29.083333333333332
6205237532	29.083333333333332
2448980495	29.0
3897019251	29.0
6246114972	29.0
3774868427	28.833333333333332
5960974174	28.583333333333332
5532056056	28.583333333333332
1743527427	28.5
5509381278	28.416666666666668
1771731670	28.25
5829792562	28.166666666666668
1748358463	28.083333333333332
2286818573	28.0
1974688870	28.0
2724557367	28.0
5456956479	27.916666666666668
1676494432	27.916666666666668
2335750895	27.833333333333332
5692417737	27.833333333333332
5863412825	27.666666666666668
5641439157	27.5
5453710449	27.5
2632414731	27.5
5242345417	27.5
1777144243	27.416666666666668
6408030426	27.416666666666668
5671003618	27.333333333333332
5692544299	27.25
5799746379	27.25
3752801510	27.166666666666668
2705932710	27.083333333333332
2049112257	27.0
5451473309	27.0
2290956323	27.0
5529337177	26.916666666666668
2128402147	26.916666666666668
6099953301	26.916666666666668
1993068694	26.833333333333332
5192577690	26.833333333333332
5316451867	26.833333333333332
2616116747	26.75
1910360107	26.666666666666668
5909287799	26.666666666666668
1837138711	26.666666666666668
5713082094	26.666666666666668
2971648351	26.583333333333332
3238168222	26.583333333333332
6247374172	26.5
2530432392	26.5
1809175782	26.5
6244957608	26.416666666666668
5133462977	26.416666666666668
5615686058	26.416666666666668
2982867512	26.333333333333332
1805218865	26.333333333333332
6247065373	26.083333333333332
5792572571	26.083333333333332
6066198247	26.0
6059251615	26.0
6147241486	25.916666666666668
2155074577	25.916666666666668
6153134546	25.916666666666668
1696842290	25.833333333333332
6414328949	25.833333333333332
1840671033	25.833333333333332
5887961414	25.75
2855637742	25.75
6313200469	25.75
6069335604	25.75
6161264029	25.75
2670957892	25.583333333333332
6373467124	25.583333333333332
5610426950	25.416666666666668
5365978371	25.416666666666668
6414743683	25.416666666666668
5380246839	25.166666666666668
5528766297	25.083333333333332
3599576164	25.083333333333332
1818688294	25.0
1690715064	24.916666666666668
1907302870	24.916666666666668
2426833274	24.833333333333332
3870717504	24.833333333333332
2658575573	24.833333333333332
2096152763	24.75
6163125346	24.75
6018231427	24.75
3946186255	24.666666666666668
1082390875	24.666666666666668
3971280392	24.583333333333332
2051453972	24.416666666666668
6401938374	24.333333333333332
1713110780	24.0
2303517107	24.0
1785337245	24.0
3186309364	23.833333333333332
6405901989	23.75
6224495049	23.75
5671746496	23.75
1921611237	23.416666666666668
2174311922	23.25
5862008076	23.083333333333332
5088076199	23.0
2273421237	23.0
5664725002	22.916666666666668
6392315849	22.833333333333332
2235678072	22.75
6232854705	22.666666666666668
2367473793	22.666666666666668
6074220265	22.583333333333332
1769553575	22.416666666666668
1896648781	22.333333333333332
1915412585	22.25
1899373067	22.083333333333332
3270451110	21.916666666666668
3103919497	21.916666666666668
2526744015	21.75
1773148097	21.666666666666668
1751158793	21.583333333333332
2567998443	21.583333333333332
6091248744	21.5
3155967880	21.416666666666668
2300951427	21.333333333333332
6098778414	21.166666666666668
6366027220	21.166666666666668
3639851067	21.166666666666668
1503937357	21.083333333333332
1784742491	21.083333333333332
3759623112	21.0
2074501384	21.0
3835701479	20.916666666666668
5735023427	20.833333333333332
2150511032	20.75
6116478345	20.666666666666668
2403189007	20.666666666666668
5591109808	20.583333333333332
6332322249	20.5
1897258255	20.5
5366114343	20.5
6098089222	20.416666666666668
6210165423	20.25
2670557221	20.083333333333332
6415378539	19.916666666666668
2109608682	19.916666666666668
2608507905	19.916666666666668
5692643213	19.75
1968435975	19.75
5457738235	19.75
3839400213	19.666666666666668
5228270814	19.666666666666668
1851304267	19.583333333333332
2195540441	19.583333333333332
1796721234	19.5
5378543389	19.416666666666668
1912040263	19.25
5343496031	19.166666666666668
6221315439	19.083333333333332
5967228866	19.0
6276312991	19.0
2117180523	19.0
5953657798	19.0
5477721625	18.916666666666668
1497115052	18.75
2720070792	18.75
5710675033	18.666666666666668
6416503392	18.666666666666668
2298461081	18.5
5096157115	18.416666666666668
2304662563	18.416666666666668
1894752764	18.416666666666668
3994758000	18.333333333333332
3242227435	18.333333333333332
5137418417	18.25
2874103357	18.166666666666668
6196926881	18.166666666666668
6140581884	18.083333333333332
1826938874	18.0
6150394473	17.916666666666668
5247474109	17.916666666666668
2675386462	17.916666666666668
5077746122	17.833333333333332
3301715261	17.75
1947591324	17.583333333333332
5355144026	17.583333333333332
2959505141	17.583333333333332
6140505137	17.583333333333332
2679201431	17.5
2831127363	17.416666666666668
3490479004	17.333333333333332
5531892321	17.333333333333332
5818973864	17.333333333333332
5121688495	17.333333333333332
1884094997	17.333333333333332
6085993625	17.25
3028315200	17.083333333333332
1256314747	16.916666666666668
1740783544	16.916666666666668
2543225515	16.75
3883145126	16.75
5226013696	16.75
2215668892	16.75
2396542905	16.666666666666668
5600031939	16.666666666666668
3085465113	16.5
3157042815	16.5
2173884172	16.333333333333332
1913847987	16.25
6186625664	16.25
5751857253	16.166666666666668
1795593355	16.166666666666668
6213774233	16.166666666666668
5618674295	16.083333333333332
6420610782	16.083333333333332
5505268370	16.083333333333332
6251867680	16.0
2540770832	16.0
6367098338	16.0
6332111609	15.916666666666666
5261290390	15.916666666666666
5819025633	15.916666666666666
2130398271	15.833333333333334
2790351215	15.833333333333334
5663544293	15.75
3099398192	15.75
1590960990	15.75
5462679715	15.666666666666666
5308673461	15.666666666666666
2577488990	15.583333333333334
5071150709	15.583333333333334
5897766665	15.583333333333334
2152719040	15.583333333333334
5686632294	15.333333333333334
2925055895	15.333333333333334
1881079221	15.166666666666666
3720336054	15.166666666666666
3733219050	15.166666666666666
6036545471	15.166666666666666
1777995314	15.166666666666666
2210360830	15.083333333333334
3031762330	15.083333333333334
5516050065	14.916666666666666
1769741727	14.833333333333334
1955067355	14.833333333333334
5514714283	14.75
5975077954	14.75
3227295225	14.583333333333334
5300303112	14.583333333333334
5976887924	14.5
6303399500	14.5
1711909822	14.5
5341458497	14.5
3796613897	14.416666666666666
1748976212	14.333333333333334
3894370893	14.25
1645816627	14.166666666666666
3966330900	14.166666666666666
2236730461	14.166666666666666
1548010544	14.166666666666666
5251215615	14.166666666666666
2242042617	14.0
6097191904	14.0
6047710026	13.916666666666666
5812526723	13.75
2063232271	13.583333333333334
6071730574	13.583333333333334
1806970993	13.5
2604433925	13.5
5509426044	13.416666666666666
5434387481	13.416666666666666
6395135882	13.416666666666666
6332079636	13.333333333333334
1668524234	13.25
6210169104	13.25
2091397213	13.166666666666666
5922636215	13.166666666666666
2645727803	13.166666666666666
2009274091	13.166666666666666
5252983391	13.166666666666666
2208500735	13.083333333333334
6276739046	13.083333333333334
6264459632	12.916666666666666
5306448313	12.916666666666666
1951033567	12.833333333333334
2955883461	12.833333333333334
6073821026	12.75
3707334084	12.75
5132259233	12.75
2903599267	12.666666666666666
6399373639	12.583333333333334
2508035805	12.5
5579787046	12.416666666666666
6177234604	12.416666666666666
6406695815	12.333333333333334
5681104146	12.166666666666666
2871778385	12.083333333333334
5189710639	12.0
2168726433	11.916666666666666
5355412489	11.916666666666666
6261441577	11.916666666666666
1786636887	11.833333333333334
5335827107	11.833333333333334
6321510762	11.75
2174774051	11.666666666666666
6383760461	11.583333333333334
5819733728	11.5
1172934220	11.5
2014294630	11.5
5127704014	11.5
5790321863	11.416666666666666
5192111489	11.416666666666666
6226934938	11.416666666666666
6416786004	11.333333333333334
5281699190	11.25
5980074435	11.25
3059732817	11.166666666666666
5352264859	11.083333333333334
1916893044	11.083333333333334
3189649264	10.916666666666666
6150462734	10.75
1846415395	10.75
2653431203	10.75
3670002005	10.666666666666666
1286517275	10.666666666666666
5314897361	10.583333333333334
5144451133	10.583333333333334
3293901044	10.5
3424662300	10.416666666666666
6202718153	10.333333333333334
1226799182	10.333333333333334
5997344684	10.333333333333334
2625789822	10.25
3817188860	10.166666666666666
5756392796	10.083333333333334
1748443202	9.916666666666666
5015508349	9.75
1828774777	9.75
6355038416	9.583333333333334
5602821215	9.5
5150783655	9.416666666666666
5547342905	9.416666666666666
2003537251	9.333333333333334
1979436690	9.25
3665455670	9.166666666666666
5547868895	9.083333333333334
1915731821	9.083333333333334
5698526017	9.0
5211848102	9.0
6403808078	8.916666666666666
2650451442	8.916666666666666
3878812084	8.833333333333334
2541375665	8.666666666666666
6409744404	8.666666666666666
3318446271	8.583333333333334
1727230121	8.583333333333334
5524254772	8.333333333333334
2653927682	8.25
3256761760	8.25
1712424613	8.083333333333334
1729062855	8.0
2372576701	7.833333333333333
1946152320	7.833333333333333
6254622466	7.833333333333333
5535017423	7.833333333333333
5915195867	7.75
2706770535	7.666666666666667
6362495320	7.583333333333333
6081043561	7.5
6425980035	7.416666666666667
1864338532	7.333333333333333
5721229270	7.25
2650217995	7.166666666666667
6175155276	7.166666666666667
2972175272	7.083333333333333
1396506364	7.083333333333333
2693604303	7.0
1628735261	7.0
5925341282	6.916666666666667
6005595336	6.916666666666667
1825330224	6.916666666666667
2183043735	6.833333333333333
3050961325	6.75
6230659134	6.75
1680679404	6.666666666666667
1707217493	6.666666666666667
1802741635	6.583333333333333
6219563393	6.5
1305197273	6.5
1719121092	6.416666666666667
6238552957	6.333333333333333
2483613420	6.333333333333333
6280382552	6.333333333333333
5621638351	6.333333333333333
2608757751	6.25
6316552773	6.166666666666667
2854531284	6.083333333333333
2785646314	6.083333333333333
1783643933	6.083333333333333
6316205035	6.0
6391332565	6.0
1890939704	6.0
1917221331	6.0
6418603472	6.0
2203059962	6.0
6084599831	5.916666666666667
6224660036	5.916666666666667
2797868561	5.916666666666667
5567930328	5.916666666666667
6131079052	5.916666666666667
6310421797	5.833333333333333
2124853035	5.666666666666667
3179085250	5.666666666666667
1774844352	5.666666666666667
5536666633	5.583333333333333
5533630736	5.583333333333333
6259582948	5.583333333333333
6083815858	5.5
3950126360	5.5
3051489651	5.333333333333333
2159263465	5.333333333333333
3027480722	5.25
1951718883	5.25
1938841163	5.25
5372575964	5.25
5873436882	5.166666666666667
2244951100	5.166666666666667
5236823553	5.166666666666667
2605470821	5.083333333333333
5344629619	5.0
1750266630	5.0
5732747398	5.0
1827674307	4.833333333333333
6054851067	4.833333333333333
1507817532	4.75
1693128504	4.583333333333333
6271826871	4.583333333333333
5155283944	4.583333333333333
5980231954	4.583333333333333
2667531304	4.583333333333333
1661603640	4.5
3292540311	4.5
2016975621	4.416666666666667
1771761360	4.416666666666667
5627491953	4.416666666666667
5632696889	4.25
2628635521	4.166666666666667
3023838070	4.083333333333333
1948046587	4.083333333333333
5847730392	4.083333333333333
2206436882	4.0
1969883323	4.0
6250847372	3.9166666666666665
2519603675	3.9166666666666665
6076057388	3.9166666666666665
3973754320	3.9166666666666665
1735679667	3.9166666666666665
6358321962	3.9166666666666665
2219032171	3.8333333333333335
5654138374	3.8333333333333335
1622173352	3.8333333333333335
5603932517	3.8333333333333335
1663571967	3.8333333333333335
6421822352	3.75
1677690670	3.75
5080747129	3.75
1311594930	3.6666666666666665
3193858977	3.6666666666666665
3315361871	3.5833333333333335
1588555951	3.5833333333333335
3750627264	3.5833333333333335
2249939754	3.5
1976977261	3.5
6431624270	3.5
3636803011	3.5
1846086514	3.4166666666666665
5945936161	3.4166666666666665
2889506641	3.3333333333333335
3598282941	3.3333333333333335
6340920128	3.25
1724963032	3.25
6162933294	3.25
5520445868	3.25
5631844874	3.1666666666666665
5750325297	3.1666666666666665
5221496506	3.1666666666666665
1781276041	3.1666666666666665
6014780284	3.0833333333333335
1364205252	3.0833333333333335
1654288611	3.0833333333333335
3566417033	3.0833333333333335
6297049750	3.0
3231335891	3.0
5190199867	3.0
6339073540	2.9166666666666665
1869108637	2.9166666666666665
3279374067	2.9166666666666665
3753045687	2.8333333333333335
5081289728	2.8333333333333335
5479889933	2.8333333333333335
3591055255	2.75
1822518765	2.75
2408792271	2.75
3264506570	2.75
5667353589	2.6666666666666665
2002391843	2.6666666666666665
2268841897	2.5833333333333335
3078180431	2.5833333333333335
5344400099	2.5
1949702347	2.5
6068890404	2.5
2423131962	2.5
5417283766	2.5
6247087605	2.4166666666666665
2300661920	2.4166666666666665
1963270927	2.4166666666666665
1759720125	2.4166666666666665
6342650679	2.4166666666666665
1844477602	2.3333333333333335
6029489251	2.3333333333333335
1662670850	2.25
5871793210	2.1666666666666665
1664378661	2.1666666666666665
3452884944	2.1666666666666665
5527344432	2.1666666666666665
5394719140	2.1666666666666665
2806572154	2.1666666666666665
3992678120	2.1666666666666665
5462257096	2.1666666666666665
1715958523	2.1666666666666665
3054324355	2.1666666666666665
2955917083	2.1666666666666665
2069130985	2.1666666666666665
1945108511	2.0833333333333335
5997462554	2.0833333333333335
1804801865	2.0833333333333335
2279398732	2.0833333333333335
5322274528	2.0
5724612478	2.0
2879110164	2.0
6296205073	2.0
3306514667	2.0
1866871375	1.9166666666666667
1677066221	1.9166666666666667
5126677337	1.9166666666666667
5528564370	1.9166666666666667
1255918825	1.9166666666666667
6206399122	1.9166666666666667
5678597268	1.9166666666666667
3097562057	1.9166666666666667
1008574817	1.9166666666666667
6123201562	1.9166666666666667
3672441032	1.9166666666666667
1731021712	1.9166666666666667
3772406020	1.8333333333333333
1771158053	1.8333333333333333
1965323577	1.8333333333333333
5380952070	1.8333333333333333
5942893956	1.8333333333333333
5684367479	1.8333333333333333
1902896997	1.8333333333333333
3254740881	1.75
1820031032	1.75
5649083402	1.75
3798743424	1.75
1277689653	1.75
5111846472	1.75
5069081078	1.6666666666666667
5683002923	1.6666666666666667
6056378090	1.6666666666666667
6055669744	1.6666666666666667
3922479366	1.6666666666666667
5889787285	1.6666666666666667
6369096511	1.6666666666666667
3265934204	1.5833333333333333
5623526025	1.5833333333333333
6178837919	1.5833333333333333
2014826752	1.5833333333333333
5744595435	1.5833333333333333
6070140589	1.5833333333333333
6021852426	1.5
6376576399	1.5
2399235837	1.5
5647756500	1.5
5121014171	1.5
2883452703	1.5
1739846310	1.4166666666666667
1866295561	1.4166666666666667
5755035400	1.4166666666666667
6232617666	1.4166666666666667
3665413507	1.4166666666666667
1671413905	1.4166666666666667
3167798801	1.4166666666666667
2525436314	1.4166666666666667
5262361308	1.4166666666666667
6401966040	1.4166666666666667
2624548491	1.4166666666666667
6183810033	1.3333333333333333
6054309611	1.3333333333333333
5379624057	1.3333333333333333
2144698043	1.3333333333333333
2697362740	1.3333333333333333
5127657187	1.3333333333333333
2526414633	1.3333333333333333
2161189277	1.3333333333333333
2395274297	1.3333333333333333
2593408247	1.3333333333333333
6416260183	1.3333333333333333
5803396672	1.3333333333333333
6088225093	1.25
3186832183	1.25
2861953394	1.25
1212353804	1.25
1968640673	1.25
5124902181	1.25
5726024977	1.25
1821468785	1.25
1621512061	1.25
5973900191	1.25
2183499293	1.25
6299351288	1.25
6426198605	1.25
2161106461	1.25
2626431287	1.25
5992241720	1.1666666666666667
3260521522	1.1666666666666667
5647544934	1.1666666666666667
5202538211	1.1666666666666667
2339190382	1.1666666666666667
1750289467	1.1666666666666667
5570219455	1.1666666666666667
1642521375	1.1666666666666667
1794307787	1.1666666666666667
1829388527	1.1666666666666667
5792771308	1.1666666666666667
2326990333	1.1666666666666667
3816552875	1.0833333333333333
5983349882	1.0833333333333333
5155614902	1.0833333333333333
5602124065	1.0833333333333333
2711071980	1.0833333333333333
1852967762	1.0833333333333333
5603276068	1.0833333333333333
1496872797	1.0833333333333333
1823393717	1.0833333333333333
5652906560	1.0833333333333333
5412493049	1.0833333333333333
2455286031	1.0833333333333333
5015673141	1.0833333333333333
3186029055	1.0833333333333333
6389818510	1.0833333333333333
2115474794	1.0833333333333333
2178820863	1.0833333333333333
6328893730	1.0
2003237327	1.0
3700877147	1.0
1998323223	1.0
5977040864	1.0
5131028145	1.0
6349609993	1.0
2801574864	1.0
2149366117	1.0
5399656501	1.0
5597055972	1.0
3121263457	1.0
5870332476	1.0
5369195676	1.0
5367016798	1.0
5860190269	1.0
6184343991	1.0
5794051912	1.0
5770102321	1.0
5686090453	1.0
3732361113	1.0
5686483151	1.0
2374637467	0.9166666666666666
5768464370	0.9166666666666666
6190608754	0.9166666666666666
5279728061	0.9166666666666666
5234986006	0.9166666666666666
6058117357	0.9166666666666666
5994840628	0.9166666666666666
3956692306	0.9166666666666666
2671970291	0.9166666666666666
3183779575	0.9166666666666666
2179135684	0.9166666666666666
6404302076	0.9166666666666666
5996211926	0.9166666666666666
3976904472	0.9166666666666666
5616544676	0.9166666666666666
5867906729	0.9166666666666666
5146052175	0.9166666666666666
2993484745	0.9166666666666666
1757214873	0.9166666666666666
1889495822	0.9166666666666666
5650887318	0.9166666666666666
3798180960	0.9166666666666666
5953422236	0.9166666666666666
6348470605	0.9166666666666666
1818803567	0.9166666666666666
5509950141	0.9166666666666666
2796289950	0.9166666666666666
3502483661	0.9166666666666666
2028474555	0.9166666666666666
5243190357	0.8333333333333334
3993125509	0.8333333333333334
2775542031	0.8333333333333334
3996058027	0.8333333333333334
3158049301	0.8333333333333334
5535785130	0.8333333333333334
6179061178	0.8333333333333334
6077790320	0.8333333333333334
1801482727	0.8333333333333334
6412309928	0.8333333333333334
2684744142	0.8333333333333334
2400823177	0.8333333333333334
2868311392	0.8333333333333334
5455704634	0.8333333333333334
5766479530	0.8333333333333334
2950639043	0.8333333333333334
6215567678	0.8333333333333334
5866356123	0.8333333333333334
2721341657	0.75
2703003307	0.75
2617289195	0.75
1635942615	0.75
6337090063	0.75
6267568152	0.75
1737126533	0.75
1752023030	0.75
6094467077	0.75
1198390942	0.75
1773949151	0.75
6031485853	0.75
6019464537	0.75
1860774675	0.75
1885700433	0.75
5822225384	0.75
5806834513	0.75
5806756155	0.75
5674121715	0.75
5648322302	0.75
5638018378	0.75
5604192138	0.75
1951101637	0.75
6415164545	0.75
5381803037	0.75
5260974579	0.75
5187829131	0.75
5135867316	0.75
3711171454	0.75
3577804752	0.75
2323378685	0.75
2330109770	0.75
2419678053	0.75
2481179215	0.75
2786551894	0.75
6097141481	0.6666666666666666
2423014710	0.6666666666666666
6402265228	0.6666666666666666
5116859544	0.6666666666666666
2615153037	0.6666666666666666
2938341985	0.6666666666666666
5992696075	0.6666666666666666
2033997947	0.6666666666666666
2170314654	0.6666666666666666
3579640084	0.6666666666666666
3152039212	0.6666666666666666
6207602623	0.6666666666666666
2893774825	0.6666666666666666
5545108802	0.6666666666666666
5023599989	0.6666666666666666
3225826853	0.6666666666666666
2411979833	0.6666666666666666
6239117025	0.6666666666666666
6424100528	0.6666666666666666
5973722256	0.6666666666666666
5964085642	0.6666666666666666
2352790435	0.6666666666666666
2811815673	0.6666666666666666
1841525720	0.6666666666666666
1336708660	0.6666666666666666
3738903305	0.6666666666666666
2240370835	0.6666666666666666
5175774224	0.6666666666666666
1713769794	0.6666666666666666
6337467650	0.6666666666666666
5404875278	0.6666666666666666
3074765177	0.6666666666666666
2530332193	0.6666666666666666
5155770731	0.6666666666666666
2943476285	0.6666666666666666
1761551581	0.6666666666666666
2723656682	0.6666666666666666
5032509743	0.5833333333333334
3218985143	0.5833333333333334
6414024279	0.5833333333333334
1751444071	0.5833333333333334
6187754245	0.5833333333333334
6210242333	0.5833333333333334
1732184101	0.5833333333333334
2054103892	0.5833333333333334
6366339903	0.5833333333333334
2787864743	0.5833333333333334
6380486433	0.5833333333333334
2785513562	0.5833333333333334
2491109100	0.5833333333333334
2297135942	0.5833333333333334
2243623435	0.5833333333333334
5542792467	0.5833333333333334
5602355126	0.5833333333333334
2171532067	0.5833333333333334
3320136752	0.5833333333333334
3108180703	0.5833333333333334
5609448089	0.5833333333333334
5650533346	0.5833333333333334
5689107011	0.5833333333333334
5181521357	0.5833333333333334
2137969173	0.5833333333333334
1864336242	0.5833333333333334
2346340927	0.5833333333333334
5920412731	0.5833333333333334
5922044499	0.5833333333333334
5234968448	0.5833333333333334
6403122051	0.5833333333333334
5987678890	0.5833333333333334
2115825587	0.5833333333333334
6003636470	0.5833333333333334
5263778491	0.5833333333333334
6027369942	0.5833333333333334
1791390103	0.5833333333333334
2896576721	0.5833333333333334
6296027833	0.5
5706172739	0.5
6410040587	0.5
5758883851	0.5
6026569297	0.5
1721970485	0.5
2427744041	0.5
2950693475	0.5
5404117966	0.5
6046412915	0.5
5890754309	0.5
5891943854	0.5
5386489726	0.5
2096768614	0.5
6059098187	0.5
5943938574	0.5
2681918212	0.5
6410959784	0.5
5528683222	0.5
1970072125	0.5
1824914522	0.5
3169621112	0.5
2558359884	0.5
6054001452	0.5
2175679804	0.5
2175885580	0.5
2828324250	0.5
2851240157	0.5
2415025125	0.5
3938189101	0.5
5653114822	0.5
3102805395	0.5
5659361575	0.5
5461365154	0.5
3936057426	0.5
5096924165	0.5
6401891304	0.5
6363178796	0.5
6362319140	0.5
2423621845	0.5
5842017555	0.4166666666666667
3933830315	0.4166666666666667
2307647570	0.4166666666666667
3938811753	0.4166666666666667
3986503514	0.4166666666666667
2654091164	0.4166666666666667
5077292217	0.4166666666666667
2135470485	0.4166666666666667
5250380166	0.4166666666666667
5307571538	0.4166666666666667
2069805377	0.4166666666666667
5500634334	0.4166666666666667
5515858803	0.4166666666666667
1994172045	0.4166666666666667
5520146555	0.4166666666666667
3167479577	0.4166666666666667
1960030951	0.4166666666666667
5603346812	0.4166666666666667
5605412506	0.4166666666666667
5662627234	0.4166666666666667
3089400695	0.4166666666666667
1942620054	0.4166666666666667
5667918792	0.4166666666666667
5678380427	0.4166666666666667
1909567307	0.4166666666666667
5713083295	0.4166666666666667
5780145000	0.4166666666666667
5815865434	0.4166666666666667
5874671872	0.4166666666666667
5875029381	0.4166666666666667
5944254740	0.4166666666666667
5975007177	0.4166666666666667
6001564413	0.4166666666666667
2930019693	0.4166666666666667
2909677955	0.4166666666666667
6046217884	0.4166666666666667
6064043506	0.4166666666666667
1202397763	0.4166666666666667
6070445699	0.4166666666666667
2856087543	0.4166666666666667
1731087537	0.4166666666666667
2819069063	0.4166666666666667
6264826519	0.4166666666666667
6286073940	0.4166666666666667
6352527487	0.4166666666666667
2291283224	0.4166666666666667
3563275597	0.4166666666666667
3438302132	0.4166666666666667
6432015805	0.3333333333333333
6431432738	0.3333333333333333
6426866083	0.3333333333333333
6401597025	0.3333333333333333
6389401650	0.3333333333333333
6379112754	0.3333333333333333
6351990183	0.3333333333333333
6304678623	0.3333333333333333
6201145784	0.3333333333333333
6165840410	0.3333333333333333
6135444091	0.3333333333333333
6101585959	0.3333333333333333
6071984924	0.3333333333333333
6067711916	0.3333333333333333
6064973351	0.3333333333333333
6054160106	0.3333333333333333
6052311018	0.3333333333333333
6034433757	0.3333333333333333
6014972631	0.3333333333333333
6011652550	0.3333333333333333
5975177921	0.3333333333333333
5972771198	0.3333333333333333
5957573048	0.3333333333333333
5955141468	0.3333333333333333
5872819505	0.3333333333333333
5866459543	0.3333333333333333
5865788002	0.3333333333333333
5853583798	0.3333333333333333
5840115320	0.3333333333333333
5690155619	0.3333333333333333
5655976045	0.3333333333333333
5628605367	0.3333333333333333
5592576556	0.3333333333333333
5584914833	0.3333333333333333
5575221129	0.3333333333333333
5344160681	0.3333333333333333
5335966340	0.3333333333333333
5287476751	0.3333333333333333
5271536735	0.3333333333333333
5228558878	0.3333333333333333
5224633970	0.3333333333333333
5124899039	0.3333333333333333
5027524124	0.3333333333333333
5000078529	0.3333333333333333
3990846496	0.3333333333333333
3847601362	0.3333333333333333
3782692001	0.3333333333333333
3609850430	0.3333333333333333
3547284930	0.3333333333333333
3414591534	0.3333333333333333
3263373534	0.3333333333333333
3183975084	0.3333333333333333
3160729592	0.3333333333333333
3104089383	0.3333333333333333
3026428332	0.3333333333333333
2995682650	0.3333333333333333
2980227161	0.3333333333333333
2781305735	0.3333333333333333
2629133581	0.3333333333333333
2622343424	0.3333333333333333
2495711434	0.3333333333333333
2462300174	0.3333333333333333
2423594944	0.3333333333333333
2387532052	0.3333333333333333
2277044765	0.3333333333333333
2236457510	0.3333333333333333
2139075645	0.3333333333333333
2100126314	0.3333333333333333
2089880195	0.3333333333333333
1991250137	0.3333333333333333
1950666157	0.3333333333333333
1916081425	0.3333333333333333
1874171340	0.3333333333333333
1848212411	0.3333333333333333
1835433564	0.3333333333333333
1827185320	0.3333333333333333
1732807563	0.3333333333333333
1203640272	0.3333333333333333
1137010365	0.3333333333333333
1107928440	0.3333333333333333
6396706657	0.25
3957777161	0.25
5861634863	0.25
5822884340	0.25
1892053597	0.25
3972758591	0.25
1624531595	0.25
3972826184	0.25
1892103523	0.25
1655274825	0.25
2611603611	0.25
5797621681	0.25
2485573904	0.25
5038451790	0.25
5761815780	0.25
5690028736	0.25
5683603213	0.25
6367090062	0.25
2539734652	0.25
6357064002	0.25
6329323645	0.25
6289132358	0.25
2524609394	0.25
5665041713	0.25
5610353954	0.25
5601785096	0.25
5580771313	0.25
5144120491	0.25
6267722750	0.25
5578793897	0.25
5179138506	0.25
5578668890	0.25
6421955379	0.25
1085716792	0.25
5205661863	0.25
5212542150	0.25
5212778750	0.25
6417310862	0.25
6415812443	0.25
5220911110	0.25
5571794362	0.25
5531426733	0.25
5502449768	0.25
1740494881	0.25
5471220951	0.25
5234848716	0.25
5470034267	0.25
5245741280	0.25
5462311253	0.25
5343412098	0.25
5284330595	0.25
3226651877	0.25
6214978763	0.25
1742210807	0.25
3285494261	0.25
2792261311	0.25
6163999316	0.25
1760465690	0.25
2793767913	0.25
1763204660	0.25
6090516961	0.25
6062444875	0.25
6055627658	0.25
2732541293	0.25
6051678476	0.25
6041326591	0.25
3475536480	0.25
6040298758	0.25
2427226081	0.25
2292737104	0.25
2678007512	0.25
6017120202	0.25
3517616393	0.25
3543194637	0.25
6411258735	0.25
2893315763	0.25
1797213654	0.25
6006599268	0.25
6006453363	0.25
1805062761	0.25
6001109402	0.25
2652823603	0.25
5997679805	0.25
1812737680	0.25
5974574089	0.25
5973246163	0.25
2574762840	0.25
2702254213	0.25
5941901627	0.25
2698395333	0.25
1566313620	0.25
1827727922	0.25
5907126089	0.25
2216923543	0.25
5899610737	0.25
5898057076	0.25
3888573078	0.25
5894897763	0.25
3894671426	0.25
3896905004	0.25
5886798137	0.25
2592233890	0.25
2701150937	0.16666666666666666
2709609463	0.16666666666666666
2719004733	0.16666666666666666
2521213107	0.16666666666666666
2511090273	0.16666666666666666
2498584191	0.16666666666666666
1236668917	0.16666666666666666
2769112232	0.16666666666666666
2790963083	0.16666666666666666
2805297381	0.16666666666666666
2829174920	0.16666666666666666
6421407902	0.16666666666666666
2929386215	0.16666666666666666
2936002175	0.16666666666666666
2419863734	0.16666666666666666
2953604131	0.16666666666666666
2409624495	0.16666666666666666
2989196151	0.16666666666666666
3051750743	0.16666666666666666
3175310455	0.16666666666666666
3182771022	0.16666666666666666
3197266135	0.16666666666666666
3289006627	0.16666666666666666
3298663792	0.16666666666666666
3387051564	0.16666666666666666
3499291451	0.16666666666666666
2291715013	0.16666666666666666
3545469320	0.16666666666666666
3548451051	0.16666666666666666
3628278841	0.16666666666666666
3803076681	0.16666666666666666
3818980523	0.16666666666666666
3843582690	0.16666666666666666
6422877254	0.16666666666666666
3919731299	0.16666666666666666
2196805820	0.16666666666666666
2179213877	0.16666666666666666
2177543023	0.16666666666666666
3980469189	0.16666666666666666
5034941641	0.16666666666666666
5057836718	0.16666666666666666
5061250658	0.16666666666666666
5067061284	0.16666666666666666
2167725335	0.16666666666666666
5082708355	0.16666666666666666
5085172778	0.16666666666666666
5145539767	0.16666666666666666
5205019208	0.16666666666666666
5214931146	0.16666666666666666
5215648997	0.16666666666666666
5229824463	0.16666666666666666
2097584665	0.16666666666666666
5286880381	0.16666666666666666
5316804349	0.16666666666666666
5330888052	0.16666666666666666
2076483023	0.16666666666666666
5369674861	0.16666666666666666
5419960528	0.16666666666666666
2009278375	0.16666666666666666
5520716391	0.16666666666666666
5526438611	0.16666666666666666
5527209164	0.16666666666666666
5536447203	0.16666666666666666
5578074726	0.16666666666666666
1967243355	0.16666666666666666
5578792540	0.16666666666666666
5579223426	0.16666666666666666
5597885359	0.16666666666666666
5619426788	0.16666666666666666
5663205775	0.16666666666666666
5664286494	0.16666666666666666
5667155410	0.16666666666666666
5671240984	0.16666666666666666
5681561276	0.16666666666666666
5688939098	0.16666666666666666
1913152895	0.16666666666666666
5700106802	0.16666666666666666
1908654781	0.16666666666666666
5730689333	0.16666666666666666
5755875262	0.16666666666666666
5758307836	0.16666666666666666
5764914721	0.16666666666666666
5767259216	0.16666666666666666
1892140661	0.16666666666666666
5826069325	0.16666666666666666
5849021905	0.16666666666666666
1882804300	0.16666666666666666
5849110881	0.16666666666666666
6431342348	0.16666666666666666
1873804331	0.16666666666666666
5854037616	0.16666666666666666
1865440010	0.16666666666666666
5865937479	0.16666666666666666
5870442609	0.16666666666666666
5879450931	0.16666666666666666
5893925775	0.16666666666666666
5901027782	0.16666666666666666
1106734640	0.16666666666666666
5928492943	0.16666666666666666
5930361530	0.16666666666666666
6431670925	0.16666666666666666
5938525274	0.16666666666666666
5943954524	0.16666666666666666
5988198688	0.16666666666666666
6001447278	0.16666666666666666
6005746226	0.16666666666666666
6008462092	0.16666666666666666
6018168624	0.16666666666666666
6020091800	0.16666666666666666
1788935461	0.16666666666666666
1785271967	0.16666666666666666
6033516739	0.16666666666666666
6048834415	0.16666666666666666
1775326955	0.16666666666666666
1775071004	0.16666666666666666
1774323821	0.16666666666666666
6054217002	0.16666666666666666
1769528582	0.16666666666666666
6088187989	0.16666666666666666
6096430720	0.16666666666666666
1752945370	0.16666666666666666
1751675705	0.16666666666666666
6128952648	0.16666666666666666
1746593602	0.16666666666666666
6234823658	0.16666666666666666
6251966105	0.16666666666666666
6333643920	0.16666666666666666
1699007882	0.16666666666666666
6341822331	0.16666666666666666
6343119124	0.16666666666666666
6347798892	0.16666666666666666
6349238374	0.16666666666666666
6380730370	0.16666666666666666
6381197438	0.16666666666666666
6382728906	0.16666666666666666
6389396461	0.16666666666666666
6389775859	0.16666666666666666
6401646772	0.16666666666666666
6404780205	0.16666666666666666
1482768984	0.16666666666666666
6409616338	0.16666666666666666
6411079033	0.16666666666666666
6414732417	0.16666666666666666
6415220896	0.16666666666666666
1287619273	0.16666666666666666
1266795401	0.16666666666666666
2607745923	0.16666666666666666
2587437882	0.16666666666666666
2586963087	0.16666666666666666
2631284591	0.16666666666666666
2679596211	0.16666666666666666
3983756986	0.08333333333333333
1892943961	0.08333333333333333
6377081657	0.08333333333333333
3976373682	0.08333333333333333
3959695949	0.08333333333333333
5812554584	0.08333333333333333
5821321231	0.08333333333333333
2192382162	0.08333333333333333
1651857992	0.08333333333333333
5827311405	0.08333333333333333
5828677947	0.08333333333333333
6377377338	0.08333333333333333
2598031584	0.08333333333333333
2486022115	0.08333333333333333
6381378801	0.08333333333333333
6381450185	0.08333333333333333
6381555561	0.08333333333333333
5855629271	0.08333333333333333
5861112690	0.08333333333333333
2192806492	0.08333333333333333
2959706055	0.08333333333333333
2743435270	0.08333333333333333
6383017085	0.08333333333333333
6386644513	0.08333333333333333
3908996564	0.08333333333333333
5887084855	0.08333333333333333
5892961826	0.08333333333333333
2527323485	0.08333333333333333
3894442041	0.08333333333333333
1850093754	0.08333333333333333
3985248800	0.08333333333333333
1848141487	0.08333333333333333
3882620288	0.08333333333333333
5898616905	0.08333333333333333
3876698391	0.08333333333333333
1615442475	0.08333333333333333
5902177757	0.08333333333333333
3866671066	0.08333333333333333
1840395063	0.08333333333333333
1840316891	0.08333333333333333
5910428484	0.08333333333333333
5925464536	0.08333333333333333
2517055447	0.08333333333333333
1829968932	0.08333333333333333
5926485845	0.08333333333333333
6390910672	0.08333333333333333
1828284445	0.08333333333333333
3849387476	0.08333333333333333
6393844623	0.08333333333333333
1575926917	0.08333333333333333
2416320787	0.08333333333333333
2240062833	0.08333333333333333
1825836851	0.08333333333333333
1825360933	0.08333333333333333
6396806346	0.08333333333333333
5951837915	0.08333333333333333
3763626390	0.08333333333333333
3722916341	0.08333333333333333
2937997211	0.08333333333333333
5991127490	0.08333333333333333
5994969842	0.08333333333333333
5995070640	0.08333333333333333
1816438825	0.08333333333333333
3665094083	0.08333333333333333
2254201020	0.08333333333333333
2258197871	0.08333333333333333
6001408581	0.08333333333333333
2265858534	0.08333333333333333
6399176717	0.08333333333333333
6004983889	0.08333333333333333
2585744164	0.08333333333333333
3606595453	0.08333333333333333
6006481956	0.08333333333333333
3597770810	0.08333333333333333
1225400263	0.08333333333333333
1511440325	0.08333333333333333
3499679720	0.08333333333333333
6401916300	0.08333333333333333
1794457974	0.08333333333333333
6404723097	0.08333333333333333
6031178681	0.08333333333333333
2622080772	0.08333333333333333
6031320254	0.08333333333333333
6033070185	0.08333333333333333
6033515758	0.08333333333333333
6408882954	0.08333333333333333
2501810165	0.08333333333333333
6036738543	0.08333333333333333
3499108352	0.08333333333333333
1778745941	0.08333333333333333
3462075422	0.08333333333333333
2731272525	0.08333333333333333
2563305614	0.08333333333333333
2892342291	0.08333333333333333
6049570664	0.08333333333333333
1372981701	0.08333333333333333
3442117454	0.08333333333333333
6053316852	0.08333333333333333
6411602814	0.08333333333333333
3352810104	0.08333333333333333
3315637381	0.08333333333333333
6066408336	0.08333333333333333
6067228763	0.08333333333333333
6075826003	0.08333333333333333
6083807299	0.08333333333333333
1344759780	0.08333333333333333
6412716140	0.08333333333333333
6088832777	0.08333333333333333
1766715383	0.08333333333333333
2314068935	0.08333333333333333
1765897581	0.08333333333333333
2317669173	0.08333333333333333
1762904271	0.08333333333333333
6090957818	0.08333333333333333
3289492734	0.08333333333333333
6092158560	0.08333333333333333
6095939714	0.08333333333333333
1757638047	0.08333333333333333
2560248832	0.08333333333333333
6098566564	0.08333333333333333
2645405992	0.08333333333333333
6124038116	0.08333333333333333
6415515734	0.08333333333333333
1294814127	0.08333333333333333
6134186038	0.08333333333333333
6135354955	0.08333333333333333
6137791274	0.08333333333333333
6161199362	0.08333333333333333
3289287561	0.08333333333333333
6166230309	0.08333333333333333
6171563735	0.08333333333333333
2734035320	0.08333333333333333
6177656889	0.08333333333333333
6182250455	0.08333333333333333
6200104713	0.08333333333333333
3281260431	0.08333333333333333
3252045834	0.08333333333333333
3208407332	0.08333333333333333
6224773555	0.08333333333333333
6231837553	0.08333333333333333
1739382372	0.08333333333333333
1738709123	0.08333333333333333
6415585447	0.08333333333333333
6235189911	0.08333333333333333
6431727565	0.08333333333333333
6419655128	0.08333333333333333
1731370112	0.08333333333333333
6253166759	0.08333333333333333
6260348118	0.08333333333333333
2388984152	0.08333333333333333
6267935392	0.08333333333333333
5280215042	0.08333333333333333
6424617060	0.08333333333333333
6270441389	0.08333333333333333
2097465603	0.08333333333333333
1726426884	0.08333333333333333
5309735011	0.08333333333333333
3159786230	0.08333333333333333
6425571219	0.08333333333333333
5317709896	0.08333333333333333
6295075569	0.08333333333333333
5333998682	0.08333333333333333
6304443164	0.08333333333333333
5276037510	0.08333333333333333
5354915421	0.08333333333333333
5357694741	0.08333333333333333
5360502507	0.08333333333333333
6304944802	0.08333333333333333
5385700569	0.08333333333333333
2053277020	0.08333333333333333
5399709402	0.08333333333333333
5411933055	0.08333333333333333
6313478150	0.08333333333333333
5459632692	0.08333333333333333
5255375025	0.08333333333333333
2117574750	0.08333333333333333
2121968283	0.08333333333333333
5472145056	0.08333333333333333
5495886104	0.08333333333333333
6324116539	0.08333333333333333
5497075207	0.08333333333333333
2009055853	0.08333333333333333
5498151577	0.08333333333333333
2125247531	0.08333333333333333
5505344066	0.08333333333333333
5511568601	0.08333333333333333
5516611675	0.08333333333333333
5516681112	0.08333333333333333
6428263874	0.08333333333333333
1987156591	0.08333333333333333
1984857223	0.08333333333333333
6326012898	0.08333333333333333
5524290168	0.08333333333333333
3121264715	0.08333333333333333
6416553644	0.08333333333333333
2126377022	0.08333333333333333
6334719418	0.08333333333333333
5563627499	0.08333333333333333
1969165563	0.08333333333333333
5226055724	0.08333333333333333
6335938288	0.08333333333333333
6337004759	0.08333333333333333
2143337165	0.08333333333333333
1274140620	0.08333333333333333
5151684010	0.08333333333333333
6340741282	0.08333333333333333
5124317501	0.08333333333333333
2656766523	0.08333333333333333
5123391241	0.08333333333333333
5607527262	0.08333333333333333
6430251313	0.08333333333333333
5111585163	0.08333333333333333
5616625675	0.08333333333333333
2474100373	0.08333333333333333
5648782913	0.08333333333333333
5649394904	0.08333333333333333
1945218834	0.08333333333333333
6346542926	0.08333333333333333
6417925772	0.08333333333333333
1942112052	0.08333333333333333
5108575841	0.08333333333333333
2507002923	0.08333333333333333
6349930580	0.08333333333333333
1933938532	0.08333333333333333
1924591175	0.08333333333333333
5672575198	0.08333333333333333
5677582290	0.08333333333333333
6350079994	0.08333333333333333
2173545065	0.08333333333333333
6431760527	0.08333333333333333
5688752133	0.08333333333333333
6356794663	0.08333333333333333
5041660767	0.08333333333333333
5691238431	0.08333333333333333
1670202720	0.08333333333333333
5696116285	0.08333333333333333
5698659188	0.08333333333333333
1911559157	0.08333333333333333
5699385504	0.08333333333333333
3053130597	0.08333333333333333
6357982049	0.08333333333333333
5717449544	0.08333333333333333
3027683363	0.08333333333333333
5738622036	0.08333333333333333
1901095831	0.08333333333333333
6371243240	0.08333333333333333
6373824599	0.08333333333333333
5758476852	0.08333333333333333
5038566347	0.08333333333333333
1659563920	0.08333333333333333
2969645323	0.08333333333333333
